local Player = owner
local Char = Player.Character
local Hum = Char:WaitForChild("Humanoid")
local RootPart = Char:WaitForChild("HumanoidRootPart")
local Torso = Char:WaitForChild("Torso")
local Head = Char:WaitForChild("Head")
local RA = Char:WaitForChild("Right Arm")
local LA = Char:WaitForChild("Left Arm")
local RL = Char:WaitForChild("Right Leg")
local LL = Char:WaitForChild("Left Leg")
local RunningAnims = {}
local Animating = {}
local PauseAnims = {}

local function tick()
	return os.clock()
end

local function wait(Num)
	local CurrentTick = tick()
	repeat
		game:GetService("RunService").Stepped:Wait()
	until tick() >= CurrentTick + (Num or 0)
end

local function spawn(Func)
	coroutine.wrap(Func)()
end

function CreateWeld(PropertyTable)
	local Weld = Instance.new("Weld")
	Weld.Parent = PropertyTable.Parent
	Weld.Part0 = PropertyTable.Part0
	Weld.Part1 = PropertyTable.Part1
	Weld.C0 = PropertyTable.C0 or CFrame.new()
	return Weld
end

function SetTween(Instance,PropertyTable,Style,Direction,Time)
	Style = Enum.EasingStyle[Style]
	Direction = Enum.EasingDirection[Direction]
	local Info = TweenInfo.new(
		Time,
		Style,
		Direction,
		0,
		false,
		0
	)
	local TweenAnim = game:GetService("TweenService"):Create(Instance,Info,PropertyTable)
	TweenAnim:Play()
	return TweenAnim
end

-- Keyframe Order: Time Position, RJ, Neck, RS, LS, RH, LH

function PlayAnimation(AnimationTable,Priority,TweenTime,Looped,Speed,WaitUntilFinish,FunctionsAfterTime)
	local function Start()
		Priority = Priority or 1
		Speed = Speed or 1
		local Joints = {RJ,Neck,RS,LS,RH,LH,Grip} -- Don't change the first 6 elements. Any tool welds can be added afterward, like "Grip".
		local Id = tick().."/"..tostring(Looped).."|"..Priority
		table.insert(RunningAnims,Id)
		local PausedAnimIDs = {}
		local WaitForAnim
		local Delete = {}
		for v, Anim in pairs(RunningAnims) do
			if Anim ~= Id then
				for i = 2, #AnimationTable[1] do
					if AnimationTable[1][i] and table.find(Animating,tostring(Joints[i - 1].Part1)..Anim) and not table.find(PauseAnims,tostring(Joints[i - 1].Part1)..Anim) then
						if tonumber(string.sub(Anim,string.find(Anim,"|") + 1)) > Priority then
							table.insert(PauseAnims,tostring(Joints[i - 1].Part1)..Id)
							if string.sub(Anim,string.find(Anim,"/") + 1,string.find(Anim,"|") - 1) ~= "true" then
								WaitForAnim = Anim
							end
						elseif tonumber(string.sub(Anim,string.find(Anim,"|") + 1)) <= Priority then
							table.insert(PauseAnims,tostring(Joints[i - 1].Part1)..Anim)
							if not table.find(PausedAnimIDs,Anim) then
								table.insert(PausedAnimIDs,Anim)
							end
						end
					end
				end
				local AnimatingNum = 0
				local PausedNum = 0
				for _, Joint in pairs(Joints) do
					if table.find(Animating,tostring(Joint.Part1)..Anim) then
						AnimatingNum += 1
					end
					if table.find(PauseAnims,tostring(Joint.Part1)..Anim) then
						PausedNum += 1
					end
				end
				if table.find(RunningAnims,Anim) and (PausedNum == AnimatingNum or string.sub(Anim,string.find(Anim,"/") + 1,string.find(Anim,"|") - 1) == "true") then
					table.insert(Delete,Anim)
					if table.find(PausedAnimIDs,Anim) then
						table.remove(PausedAnimIDs,table.find(PausedAnimIDs,Anim))
					end
				end
			end
		end
		for _, Anim in pairs(Delete) do
			table.remove(RunningAnims,table.find(RunningAnims,Anim))
		end
		local Loops = 0
		local TablesCompleted = {}
		repeat
			local Tween
			local CurrentTimePos = AnimationTable[1][1]
			local TweenTime = TweenTime or .1
			for v, Keyframe in pairs(AnimationTable) do
				for i = 2, #Keyframe do
					if Keyframe[i] and table.find(RunningAnims,Id) then
						if not table.find(PauseAnims,tostring(Joints[i - 1].Part1)..Id) then
							if typeof(Keyframe[i]) == "CFrame" then
								if v == 1 then
									if Loops < 1 then
										Tween = SetTween(Joints[i - 1],{C0 = Keyframe[i]},"Linear","In",TweenTime)
									else
										Tween = SetTween(Joints[i - 1],{C0 = Keyframe[i]},"Linear","In",.05 / Speed)
									end
								else
									Tween = SetTween(Joints[i - 1],{C0 = Keyframe[i]},"Linear","In",(Keyframe[1] - CurrentTimePos) / Speed)
								end
							else
								Joints[i - 1].Part0 = Keyframe[i][1]
								if v == 1 then
									if Loops < 1 then
										SetTween(Joints[i - 1],{C0 = Keyframe[i][2]},"Linear","In",0)
									else
										Tween = SetTween(Joints[i - 1],{C0 = Keyframe[i][2]},"Linear","In",.05 / Speed)
									end
								else
									Tween = SetTween(Joints[i - 1],{C0 = Keyframe[i][2]},"Linear","In",(Keyframe[1] - CurrentTimePos) / Speed)
								end
							end
						end
						if not table.find(Animating,tostring(Joints[i - 1].Part1)..Id) then
							table.insert(Animating,tostring(Joints[i - 1].Part1)..Id)
						end
					end
				end
				while Tween and Tween.PlaybackState ~= Enum.PlaybackState.Completed do
					if WaitForAnim and not table.find(RunningAnims,WaitForAnim) then
						WaitForAnim = nil
						for _, Joint in pairs(Joints) do
							if table.find(PauseAnims,tostring(Joint.Part1)..Id) then
								table.remove(PauseAnims,table.find(PauseAnims,tostring(Joint.Part1)..Id))
							end
						end
					end
					local AnimatingNum = 0
					local PausedNum = 0
					for _, Joint in pairs(Joints) do
						if table.find(Animating,tostring(Joint.Part1)..Id) then
							AnimatingNum += 1
						end
						if table.find(PauseAnims,tostring(Joint.Part1)..Id) then
							PausedNum += 1
						end
					end
					if PausedNum == AnimatingNum and table.find(RunningAnims,Id) then
						table.remove(RunningAnims,table.find(RunningAnims,Id))
					end
					if not table.find(RunningAnims,Id) then
						break
					end
					wait()
				end
				if FunctionsAfterTime and #FunctionsAfterTime > 0 then
					for _, Table in pairs(FunctionsAfterTime) do
						if Keyframe[1] >= Table[1] and not table.find(TablesCompleted,Table) then
							spawn(Table[2])
							table.insert(TablesCompleted,Table)
						end
					end
				end
				for i = 2, #Keyframe do
					if Keyframe[i] and AnimationTable[v + 1] and AnimationTable[v + 1][i] == false and table.find(RunningAnims,Id) then
						local LaterKeyframe
						local LaterTimePos
						for _, Keyframe in pairs({table.unpack(AnimationTable,v + 2)}) do
							if Keyframe[i] then
								LaterKeyframe = Keyframe
								LaterTimePos = Keyframe[1]
								break
							end
						end
						if LaterTimePos then
							if not table.find(PauseAnims,tostring(Joints[i - 1].Part1)..Id) then
								if typeof(Keyframe[i]) == "CFrame" then
									SetTween(Joints[i - 1],{C0 = LaterKeyframe[i]},"Linear","In",(LaterTimePos - Keyframe[1]) / Speed)
								else
									Joints[i - 1].Part0 = Keyframe[i][1]
									SetTween(Joints[i - 1],{C0 = LaterKeyframe[i][2]},"Linear","In",(LaterTimePos - Keyframe[1]) / Speed)
								end
							end
							if not table.find(Animating,tostring(Joints[i - 1].Part1)..Id) then
								table.insert(Animating,tostring(Joints[i - 1].Part1)..Id)
							end
						end
					end
				end
				CurrentTimePos = Keyframe[1]
			end
			Loops += 1
			if not Tween then
				wait()
			end
		until not Looped or not table.find(RunningAnims,Id)
		for _, OtherId in pairs(PausedAnimIDs) do
			for _, Joint in pairs(Joints) do
				if table.find(Animating,tostring(Joint.Part1)..Id) and table.find(PauseAnims,tostring(Joint.Part1)..OtherId) then
					table.remove(PauseAnims,table.find(PauseAnims,tostring(Joint.Part1)..OtherId))
				end
			end
		end
		for _, Joint in pairs(Joints) do
			for i, Anim in pairs(Animating) do
				if Anim == tostring(Joint.Part1)..Id then
					table.remove(Animating,i)
				end
			end
			for i, Anim in pairs(PauseAnims) do
				if Anim == tostring(Joint.Part1)..Id then
					table.remove(PauseAnims,i)
				end
			end
		end
		if table.find(RunningAnims,Id) then
			table.remove(RunningAnims,table.find(RunningAnims,Id))
		end
	end
	if WaitUntilFinish then
		Start()
	else
		spawn(Start)
	end
end

local Handle = Instance.new("Part",Char)
Handle.CanCollide = false
Handle.Size = Vector3.new(0.122, 0.182, 1.397)
Handle.Color = Color3.fromRGB(40,40,40)

RJ = CreateWeld({Part0 = RootPart,Part1 = Torso,Parent = RootPart})
Neck = CreateWeld({Part0 = Torso,Part1 = Head,C0 = CFrame.new(0,1.5,0),Parent = RootPart})
RS = CreateWeld({Part0 = Torso,Part1 = RA,C0 = CFrame.new(1.5,0,0),Parent = RootPart})
LS = CreateWeld({Part0 = Torso,Part1 = LA,C0 = CFrame.new(-1.5,0,0),Parent = RootPart})
RH = CreateWeld({Part0 = Torso,Part1 = RL,C0 = CFrame.new(.5,-2,0),Parent = RootPart})
LH = CreateWeld({Part0 = Torso,Part1 = LL,C0 = CFrame.new(-.5,-2,0),Parent = RootPart})
Grip = CreateWeld({Part0 = Torso,Part1 = Handle,C0 = CFrame.new(-2.95,1.79,.55) * CFrame.Angles(math.pi / 2,1.1,math.pi / 2),Parent = RootPart})

local walk = {
	{
		0.0000024999972083605826,
		CFrame.new(0, 0, 0, 1, 0, 0, 0, 1, 0, 0, 0, 0.999999881),
		CFrame.new(0, 1.49240112, -0.0868225098, 1, 0, 0, 0, 0.98480773, 0.173648298, 0, -0.173648268, 0.984807611),
		CFrame.new(1.31152344, 0.0731201172, -0.469848633, 0.819151998, 0.196174741, -0.53898555, -0.57357645, 0.280166388, -0.769751012, -5.06584072e-08, 0.939692438, 0.342020065),
		CFrame.new(-1.5, 0.592407227, -1.33682251, 1, 0, 3.55271368e-15, 8.8817842e-16, -0.984807253, -0.173650384, 3.55271326e-15, 0.173650354, -0.984807253),
		CFrame.new(0.5, -1.86602783, 0.5, 1, -1.77635673e-15, -3.55271368e-15, 1.77635684e-15, 0.86602509, 0.500000238, -3.55271326e-15, -0.500000119, 0.86602509),
		CFrame.new(-0.5, -1.53482056, -0.423652649, 1, 8.88178367e-16, 0, -8.8817842e-16, 0.984807253, -0.173650295, 0, 0.173650265, 0.984807253),
	},
	{
		0.03317549999701441,
		CFrame.new(0, -0.010925293, 0, 1, 0, 0, 0, 1, 0, 0, 0, 0.999999881),
		CFrame.new(0, 1.49240112, -0.0868225098, 1, 0, 0, 0, 0.98480773, 0.173648298, 0, -0.173648268, 0.984807611),
		CFrame.new(1.31152344, 0.0701599121, -0.467124939, 0.819165587, 0.196183547, -0.538961828, -0.573545575, 0.28614518, -0.767571747, 0.00363636878, 0.937887371, 0.34692049),
		CFrame.new(-1.5, 0.585113525, -1.33682251, 1, -8.88178367e-16, 1.0658141e-14, 1.77635684e-15, -0.984807253, -0.17365016, 1.06581393e-14, 0.173650131, -0.984807253),
		CFrame.new(0.5, -1.89321899, 0.449615479, 1, -3.55271347e-15, 0, 3.55271368e-15, 0.893223941, 0.449611753, 0, -0.449611694, 0.893223941),
		CFrame.new(-0.5, -1.63912964, -0.386169434, 1, 7.10542693e-15, -1.49213975e-13, -2.79776202e-14, 0.990685344, -0.13617, 1.45661234e-13, 0.13616997, 0.990685344),
	},
	{
		0.06531129999711993,
		CFrame.new(0, -0.0234375, 0, 1, 0, 0, 0, 1, 0, 0, 0, 0.999999881),
		CFrame.new(0, 1.49240112, -0.0868225098, 1, 0, 0, 0, 0.98480773, 0.173648298, 0, -0.173648268, 0.984807611),
		CFrame.new(1.31152344, 0.0667724609, -0.463989258, 0.819178402, 0.196191773, -0.538939178, -0.573485672, 0.29296267, -0.765040398, 0.00779444817, 0.935778379, 0.352501899),
		CFrame.new(-1.5, 0.576782227, -1.33682251, 1, 0, -3.55271368e-15, 8.8817842e-16, -0.984807253, -0.173650384, -3.55271326e-15, 0.173650354, -0.984807253),
		CFrame.new(0.5, -1.92071533, 0.390228271, 1, -1.77635673e-15, 0, 1.77635684e-15, 0.920717478, 0.390229553, 0, -0.390229493, 0.920717478),
		CFrame.new(-0.5, -1.7565918, -0.343101501, 1, 2.17603696e-14, -3.16191517e-13, -5.10702591e-14, 0.995656788, -0.0930985436, 3.16191463e-13, 0.0930985287, 0.995656788),
	},
	{
		0.08198819999961415,
		CFrame.new(0, -0.0296936035, 0, 1, 0, 0, 0, 1, 0, 0, 0, 0.999999881),
		CFrame.new(0, 1.49240112, -0.0868225098, 1, 0, 0, 0, 0.98480773, 0.173648283, 0, -0.173648253, 0.984807611),
		CFrame.new(1.31152344, 0.0650939941, -0.462417603, 0.819184065, 0.196195096, -0.538929701, -0.573445857, 0.29636538, -0.763758719, 0.00987438206, 0.934705675, 0.355285048),
		CFrame.new(-1.5, 0.572601318, -1.33682251, 1, 0, 3.55271368e-15, 8.8817842e-16, -0.984807253, -0.17365016, 3.55271326e-15, 0.173650131, -0.984807253),
		CFrame.new(0.5, -1.9329834, 0.359893799, 1, -1.77635673e-15, 0, 1.77635684e-15, 0.932992458, 0.359895617, -3.55271326e-15, -0.359895557, 0.932992458),
		CFrame.new(-0.5, -1.81463623, -0.321495056, 1, 3.15303305e-14, -4.01456646e-13, -6.06181771e-14, 0.997441053, -0.0714921057, 3.97903878e-13, 0.0714920908, 0.997441053),
	},
	{
		0.09993699999904493,
		CFrame.new(0, -0.035949707, 0, 1, 0, 0, 0, 1, 0, 0, 0, 0.999999881),
		CFrame.new(0, 1.49240112, -0.0868225098, 1, 0, 0, 0, 0.98480773, 0.173648298, 0, -0.173648268, 0.984807611),
		CFrame.new(1.31152344, 0.0634155273, -0.460830688, 0.819188654, 0.196197972, -0.538921416, -0.573399425, 0.29976362, -0.762466133, 0.0119547332, 0.933620751, 0.358062774),
		CFrame.new(-1.5, 0.568450928, -1.33682251, 1, 0, 3.55271368e-15, 8.8817842e-16, -0.984807253, -0.17365016, 3.55271326e-15, 0.173650131, -0.984807253),
		CFrame.new(0.5, -1.9442749, 0.329177856, 1, -8.88178367e-16, 0, 8.8817842e-16, 0.944268286, 0.329176426, 0, -0.329176366, 0.944268286),
		CFrame.new(-0.5, -1.87219238, -0.299850464, 1, 4.37427838e-14, -4.8316906e-13, -6.77236045e-14, 0.998756468, -0.0498520806, 4.86721666e-13, 0.0498520732, 0.998756468),
	},
	{
		0.1328667999987374,
		CFrame.new(0, -0.0484313965, 0, 1, 0, 0, 0, 1, 0, 0, 0, 0.999999881),
		CFrame.new(0, 1.49240112, -0.0868225098, 1, 0, 0, 0, 0.98480773, 0.173648298, 0, -0.173648268, 0.984807611),
		CFrame.new(1.31152344, 0.0600891113, -0.457649231, 0.819196224, 0.196202263, -0.538908482, -0.573286891, 0.306547999, -0.759848893, 0.0161171928, 0.931414306, 0.363603145),
		CFrame.new(-1.5, 0.560119629, -1.33682251, 1, 0, 3.55271368e-15, 8.8817842e-16, -0.984807253, -0.17365016, 3.55271326e-15, 0.173650131, -0.984807253),
		CFrame.new(0.5, -1.96377563, 0.266716003, 1, -1.77635673e-15, 0, 8.8817842e-16, 0.963775694, 0.266713649, 0, -0.266713589, 0.963775694),
		CFrame.new(-0.5, -1.98590088, -0.256515503, 1, 7.31914461e-14, -6.53699317e-13, -7.74658115e-14, 0.999978662, -0.00651188055, 6.53699208e-13, 0.00651187962, 0.999978662),
	},
	{
		0.16574889999901643,
		CFrame.new(0, -0.0609436035, 0, 1, 0, 0, 0, 1, 0, 0, 0, 0.999999881),
		CFrame.new(0, 1.49240112, -0.0868225098, 1, 0, 0, 0, 0.98480773, 0.173648298, 0, -0.173648268, 0.984807611),
		CFrame.new(1.31152344, 0.0567626953, -0.454437256, 0.819200933, 0.196204782, -0.538900435, -0.573148012, 0.313314945, -0.757188916, 0.0202814415, 0.929159403, 0.369122267),
		CFrame.new(-1.5, 0.55178833, -1.33682251, 1, 0, 3.55271368e-15, 8.8817842e-16, -0.984807253, -0.17365016, 3.55271326e-15, 0.173650131, -0.984807253),
		CFrame.new(0.5, -1.98284912, 0.118759155, 1, -1.77635673e-15, 0, 1.77635684e-15, 0.982854784, 0.184380695, 0, -0.184380665, 0.982854784),
		CFrame.new(-0.5, -2.00933838, -0.13911438, 1, 7.63833373e-14, -6.43041176e-13, -4.06341627e-14, 0.998419344, 0.0562012233, 6.43041067e-13, -0.0562012158, 0.998419344),
	},
	{
		0.1837543999972695,
		CFrame.new(0, -0.067199707, 0, 1, 0, 0, 0, 1, 0, 0, 0, 0.999999881),
		CFrame.new(0, 1.49240112, -0.0868225098, 1, 0, 0, 0, 0.98480773, 0.173648298, 0, -0.173648268, 0.984807611),
		CFrame.new(1.31152344, 0.0551147461, -0.452827454, 0.819202185, 0.196205392, -0.53889823, -0.573068619, 0.316691846, -0.755842924, 0.0223642364, 0.928013682, 0.371873826),
		CFrame.new(-1.5, 0.547607422, -1.33682251, 1, 0, 3.55271368e-15, 8.8817842e-16, -0.984807253, -0.17365016, 3.55271326e-15, 0.173650131, -0.984807253),
		CFrame.new(0.5, -1.98995972, 0.0382156372, 1, -3.10862426e-15, 0, 2.66453526e-15, 0.989961922, 0.141333431, 0, -0.141333401, 0.989961922),
		CFrame.new(-0.5, -2.01321411, -0.0751953125, 1, 7.46069805e-14, -6.1817218e-13, -1.99840144e-14, 0.996043205, 0.0888692588, 6.25277499e-13, -0.0888692439, 0.996043205),
	},
	{
		0.21562809999886667,
		CFrame.new(0, -0.0796813965, 0, 1, 0, 0, 0, 1, 0, 0, 0, 0.999999881),
		CFrame.new(0, 1.49240112, -0.0868225098, 1, 0, 0, 0, 0.98480773, 0.173648298, 0, -0.173648268, 0.984807611),
		CFrame.new(1.31152344, 0.0518188477, -0.449577332, 0.819202662, 0.196205258, -0.538897574, -0.572890162, 0.323432326, -0.753118992, 0.0265310183, 0.925686002, 0.377360672),
		CFrame.new(-1.5, 0.539276123, -1.33682251, 1, 0, 3.55271368e-15, 8.8817842e-16, -0.984807253, -0.17365016, 3.55271326e-15, 0.173650131, -0.984807253),
		CFrame.new(0.5, -1.99850464, -0.123603821, 1, -3.10862426e-15, 0, 3.10862447e-15, 0.998512864, 0.054514233, 0, -0.0545142256, 0.998512864),
		CFrame.new(-0.5, -2.01776123, 0.0523223877, 1, 7.06101776e-14, -5.82645043e-13, 2.04281037e-14, 0.988088727, 0.153884381, 5.86197649e-13, -0.153884351, 0.988088727),
	},
	{
		0.2326647999980196,
		CFrame.new(0, -0.0859375, 0, 1, 0, 0, 0, 1, 0, 0, 0, 0.999999881),
		CFrame.new(0, 1.49240112, -0.0868225098, 1, 0, 0, 0, 0.98480773, 0.173648298, 0, -0.173648268, 0.984807611),
		CFrame.new(1.31152344, 0.050201416, -0.447944641, 0.819201887, 0.196204543, -0.538899064, -0.57279098, 0.326795846, -0.75174123, 0.0286149159, 0.92450422, 0.380095959),
		CFrame.new(-1.5, 0.535095215, -1.33682251, 1, 0, -3.55271368e-15, 8.8817842e-16, -0.984807253, -0.17365016, -3.55271326e-15, 0.173650131, -0.984807253),
		CFrame.new(0.5, -1.99993896, -0.204711914, 1, -3.21964656e-15, 0, 3.21964677e-15, 0.999940395, 0.0109075746, 0, -0.0109075727, 0.999940395),
		CFrame.new(-0.5, -2.01846313, 0.115852356, 1, 6.66133747e-14, -5.64881475e-13, 3.90798505e-14, 0.982518971, 0.186161682, 5.64881367e-13, -0.186161652, 0.982518971),
	},
	{
		0.2654040999987046,
		CFrame.new(0, -0.098449707, 0, 1, 0, 0, 0, 1, 0, 0, 0, 0.999999881),
		CFrame.new(0, 1.49240112, -0.0868225098, 1, 0, 0, 0, 0.98480773, 0.173648298, 0, -0.173648268, 0.984807611),
		CFrame.new(1.31152344, 0.0469665527, -0.444664001, 0.819198132, 0.196201906, -0.538905799, -0.572572947, 0.333508909, -0.748953879, 0.0327836908, 0.922104299, 0.385549754),
		CFrame.new(-1.5, 0.526763916, -1.33682251, 1, 0, 3.55271368e-15, 8.8817842e-16, -0.984807253, -0.17365016, 3.55271326e-15, 0.173650131, -0.984807253),
		CFrame.new(0.5, -1.99710083, -0.366897583, 1, -3.99680247e-15, 0, 3.99680289e-15, 0.997085929, -0.076285027, 0, 0.0762850121, 0.997085929),
		CFrame.new(-0.5, -2.0166626, 0.242271423, 1, 5.95079473e-14, -5.29354338e-13, 7.37188088e-14, 0.968224347, 0.250082791, 5.22248802e-13, -0.250082731, 0.968224347),
	},
	{
		0.2824604999987059,
		CFrame.new(0, -0.104675293, 0, 1, 0, 0, 0, 1, 0, 0, 0, 0.999999881),
		CFrame.new(0, 1.49240112, -0.0868225098, 1, 0, 0, 0, 0.98480773, 0.173648298, 0, -0.173648268, 0.984807611),
		CFrame.new(1.31152344, 0.0453491211, -0.443008423, 0.819195032, 0.196199924, -0.538910925, -0.572453976, 0.336858511, -0.747544408, 0.0348686017, 0.920886278, 0.388268262),
		CFrame.new(-1.5, 0.522613525, -1.33682251, 1, -8.88178367e-16, 7.10542736e-15, 8.8817842e-16, -0.984807312, -0.173649922, 7.10542651e-15, 0.173649892, -0.984807312),
		CFrame.new(0.5, -1.96337891, -0.396522522, 1, -3.99680247e-15, 0, 3.99680289e-15, 0.996194482, -0.087157093, 0, 0.0871570781, 0.996194482),
		CFrame.new(-0.5, -2.00717163, 0.289474487, 1, 5.77315905e-14, -5.22248911e-13, 9.59232693e-14, 0.95718503, 0.289476305, 5.15143375e-13, -0.289476246, 0.95718503),
	},
	{
		0.3005582999976468,
		CFrame.new(0, -0.110931396, 0, 1, 0, 0, 0, 1, 0, 0, 0, 0.999999881),
		CFrame.new(0, 1.49240112, -0.0868225098, 1, 0, 0, 0, 0.98480773, 0.173648298, 0, -0.173648268, 0.984807611),
		CFrame.new(1.31152344, 0.0437316895, -0.441352844, 0.819191337, 0.196197614, -0.538917422, -0.572328448, 0.340203404, -0.746124446, 0.0369537212, 0.919656336, 0.390981197),
		CFrame.new(-1.5, 0.518432617, -1.33682251, 1, -8.88178367e-16, 7.10542736e-15, 8.8817842e-16, -0.984807312, -0.173649922, 7.10542651e-15, 0.173649892, -0.984807312),
		CFrame.new(0.5, -1.91964722, -0.40901947, 1, -3.99680247e-15, 0, 3.99680289e-15, 0.996194422, -0.0871574432, 0, 0.0871574283, 0.996194422),
		CFrame.new(-0.5, -1.99365234, 0.330955505, 1, 5.86197689e-14, -5.22248911e-13, 1.17239551e-13, 0.943647206, 0.330952704, 5.11590661e-13, -0.330952644, 0.943647206),
	},
	{
		0.33339499999783584,
		CFrame.new(0, -0.125, 0, 1, 0, 0, 0, 1, 0, 0, 0, 0.999999881),
		CFrame.new(0, 1.49240112, -0.0868225098, 1, 0, 0, 0, 0.98480773, 0.173648298, 0, -0.173648268, 0.984807611),
		CFrame.new(1.31152344, 0.0401306152, -0.437599182, 0.819180548, 0.196191013, -0.538936436, -0.572021723, 0.347712159, -0.742891192, 0.0416461714, 0.916845202, 0.397064537),
		CFrame.new(-1.5, 0.509063721, -1.33682251, 1, -8.88178367e-16, 1.0658141e-14, 8.8817842e-16, -0.984807372, -0.173649684, 1.06581393e-14, 0.173649654, -0.984807372),
		CFrame.new(0.5, -1.82119751, -0.437149048, 1, -3.99680247e-15, 0, 3.99680289e-15, 0.996194363, -0.0871582106, 0, 0.0871581957, 0.996194363),
		CFrame.new(-0.5, -1.95666504, 0.421852112, 1, 5.68434155e-14, -5.18696197e-13, 1.66977543e-13, 0.906664193, 0.421852797, 4.97379807e-13, -0.421852738, 0.906664193),
	},
	{
		0.35022939999907976,
		CFrame.new(0, -0.131256104, 0, 1, 0, 0, 0, 1, 0, 0, 0, 0.999999881),
		CFrame.new(0, 1.49240112, -0.0868225098, 1, 0, 0, 0, 0.98480773, 0.173648298, 0, -0.173648268, 0.984807611),
		CFrame.new(1.31152344, 0.0385437012, -0.435920715, 0.819174409, 0.196187407, -0.538946807, -0.571874619, 0.351041436, -0.741437197, 0.0437320657, 0.915576339, 0.399758786),
		CFrame.new(-1.5, 0.50491333, -1.33682251, 1, -8.88178367e-16, 7.10542736e-15, 8.8817842e-16, -0.984807312, -0.173649922, 7.10542651e-15, 0.173649892, -0.984807312),
		CFrame.new(0.5, -1.7774353, -0.449653625, 1, -3.55271347e-15, 0, 3.55271368e-15, 0.996194303, -0.0871585459, 0, 0.087158531, 0.996194303),
		CFrame.new(-0.5, -1.93740845, 0.460998535, 1, 5.50670586e-14, -5.18696197e-13, 1.90070182e-13, 0.88740027, 0.460999548, 4.90274379e-13, -0.460999489, 0.88740027),
	},
	{
		0.382142999998905,
		CFrame.new(0, -0.142181396, 0, 1, 0, 0, 0, 1, 0, 0, 0, 0.999999881),
		CFrame.new(0, 1.49240112, -0.0868225098, 1, 0, 0, 0, 0.98480773, 0.173648298, 0, -0.173648268, 0.984807611),
		CFrame.new(1.31152344, 0.0357666016, -0.432975769, 0.81916213, 0.196180329, -0.538968146, -0.57160145, 0.356855899, -0.7388677, 0.0473826416, 0.913327277, 0.404459834),
		CFrame.new(-1.5, 0.497619629, -1.33682251, 1, -1.77635673e-15, 1.77635684e-14, 1.77635684e-15, -0.984807372, -0.173649684, 1.7763565e-14, 0.173649654, -0.984807372),
		CFrame.new(0.5, -1.70089722, -0.4715271, 1, -3.99680247e-15, 0, 3.55271368e-15, 0.996194303, -0.0871591493, 0, 0.0871591344, 0.996194303),
		CFrame.new(-0.5, -1.89962769, 0.527351379, 1, 5.68434155e-14, -5.22248911e-13, 2.27373675e-13, 0.849647582, 0.527350664, 4.76063525e-13, -0.527350545, 0.849647582),
	},
	{
		0.40016999999716063,
		CFrame.new(0, -0.1484375, 0, 1, 0, 0, 0, 1, 0, 0, 0, 0.999999881),
		CFrame.new(0, 1.49240112, -0.0868225098, 1, 0, 0, 0, 0.98480773, 0.173648298, 0, -0.173648268, 0.984807611),
		CFrame.new(1.31152344, 0.0341796875, -0.431282043, 0.819154263, 0.196175799, -0.538981974, -0.571436167, 0.360171795, -0.737385213, 0.0494689085, 0.91202575, 0.407138199),
		CFrame.new(-1.5, 0.493438721, -1.33682251, 1, -8.88178367e-16, 1.0658141e-14, 8.8817842e-16, -0.984807372, -0.173649684, 1.06581393e-14, 0.173649654, -0.984807372),
		CFrame.new(0.5, -1.65713501, -0.484031677, 1, -3.99680247e-15, 0, 3.99680289e-15, 0.996194243, -0.0871594921, 0, 0.0871594772, 0.996194243),
		CFrame.new(-0.5, -1.87582397, 0.563911438, 1, 5.86197689e-14, -5.22248911e-13, 2.48689958e-13, 0.825836122, 0.563909888, 4.6185267e-13, -0.563909769, 0.825836122),
	},
	{
		0.43299889999980223,
		CFrame.new(0, -0.139068604, 0, 1, 0, 0, 0, 1, 0, 0, 0, 0.999999881),
		CFrame.new(0, 1.49240112, -0.0868225098, 1, 0, 0, 0, 0.98480773, 0.173648298, 0, -0.173648268, 0.984807611),
		CFrame.new(1.31152344, 0.0365600586, -0.433815002, 0.819165945, 0.196182474, -0.538961649, -0.571681559, 0.355196178, -0.739605129, 0.0463395454, 0.913973629, 0.403118521),
		CFrame.new(-1.5, 0.499694824, -1.33682251, 1, -8.88178367e-16, 1.0658141e-14, 8.8817842e-16, -0.984807372, -0.173649684, 1.06581393e-14, 0.173649654, -0.984807372),
		CFrame.new(0.5, -1.7227478, -0.465278625, 1, -3.55271347e-15, 0, 3.55271368e-15, 0.996194303, -0.087158978, 0, 0.0871589631, 0.996194303),
		CFrame.new(-0.5, -1.91094971, 0.50868988, 1, 5.68434155e-14, -5.22248911e-13, 2.16715534e-13, 0.860949755, 0.508689761, 4.79616238e-13, -0.508689642, 0.860949755),
	},
	{
		0.4499593000000459,
		CFrame.new(0, -0.131256104, 0, 1, 0, 0, 0, 1, 0, 0, 0, 0.999999881),
		CFrame.new(0, 1.49240112, -0.0868225098, 1, 0, 0, 0, 0.98480773, 0.173648283, 0, -0.173648253, 0.984807611),
		CFrame.new(1.31152344, 0.0385437012, -0.435920715, 0.819174469, 0.196187407, -0.538946867, -0.571874678, 0.351041347, -0.741437197, 0.0437319763, 0.915576339, 0.399758726),
		CFrame.new(-1.5, 0.50491333, -1.33682251, 1, 0, 0, 0, -0.984807312, -0.173649922, 0, 0.173649892, -0.984807312),
		CFrame.new(0.5, -1.7774353, -0.449653625, 1, -3.55271347e-15, 0, 3.55271368e-15, 0.996194303, -0.0871585459, 0, 0.087158531, 0.996194303),
		CFrame.new(-0.5, -1.93740845, 0.460998535, 1, 5.68434155e-14, -5.18696197e-13, 1.88293825e-13, 0.887400508, 0.460999042, 4.90274379e-13, -0.460998982, 0.887400508),
	},
	{
		0.4831558000005316,
		CFrame.new(0, -0.118743896, 0, 1, 0, 0, 0, 1, 0, 0, 0, 0.999999881),
		CFrame.new(0, 1.49240112, -0.0868225098, 1, 0, 0, 0, 0.98480773, 0.173648298, 0, -0.173648268, 0.984807611),
		CFrame.new(1.31152344, 0.0417175293, -0.43927002, 0.819185853, 0.196194142, -0.538927138, -0.572162151, 0.344377846, -0.744334698, 0.0395604409, 0.918102026, 0.394364327),
		CFrame.new(-1.5, 0.513244629, -1.33682251, 1, 0, 0, 0, -0.984807312, -0.173649922, 0, 0.173649892, -0.984807312),
		CFrame.new(0.5, -1.86495972, -0.42464447, 1, -3.99680247e-15, 0, 3.99680289e-15, 0.996194422, -0.0871578604, 0, 0.0871578455, 0.996194422),
		CFrame.new(-0.5, -1.97418213, 0.381904602, 1, 5.86197689e-14, -5.22248911e-13, 1.43884904e-13, 0.924202442, 0.381902605, 5.04485234e-13, -0.381902546, 0.924202442),
	},
	{
		0.5165415999981633,
		CFrame.new(0, -0.106262207, 0, 1, 0, 0, 0, 1, 0, 0, 0, 0.999999881),
		CFrame.new(0, 1.49240112, -0.0868225098, 1, 0, 0, 0, 0.98480773, 0.173648283, 0, -0.173648253, 0.984807611),
		CFrame.new(1.31152344, 0.044921875, -0.442596436, 0.819194198, 0.196199387, -0.538912475, -0.57242322, 0.337695092, -0.747190416, 0.0353898443, 0.92057997, 0.38894695),
		CFrame.new(-1.5, 0.521575928, -1.33682251, 1, -8.88178367e-16, 7.10542736e-15, 8.8817842e-16, -0.984807312, -0.173649922, 7.10542651e-15, 0.173649892, -0.984807312),
		CFrame.new(0.5, -1.95245361, -0.399642944, 1, -3.99680247e-15, 0, 3.99680289e-15, 0.996194422, -0.0871571898, 0, 0.0871571749, 0.996194422),
		CFrame.new(-0.5, -2.00396729, 0.29989624, 1, 5.86197689e-14, -5.18696197e-13, 1.02140518e-13, 0.953970611, 0.299899787, 5.15143375e-13, -0.299899727, 0.953970611),
	},
	{
		0.5488812999974471,
		CFrame.new(0, -0.0953063965, 0, 1, 0, 0, 0, 1, 0, 0, 0, 0.999999881),
		CFrame.new(0, 1.49240112, -0.0868225098, 1, 0, 0, 0, 0.98480773, 0.173648298, 0, -0.173648268, 0.984807611),
		CFrame.new(1.31152344, 0.0477600098, -0.445480347, 0.819199264, 0.19620268, -0.538903713, -0.572629988, 0.33183229, -0.74965471, 0.0317413546, 0.922708809, 0.384188294),
		CFrame.new(-1.5, 0.528869629, -1.33682251, 1, -8.88178367e-16, 7.10542736e-15, 8.8817842e-16, -0.984807312, -0.173649922, 7.10542651e-15, 0.173649892, -0.984807312),
		CFrame.new(0.5, -1.99850464, -0.326377869, 1, -3.55271347e-15, 3.55271368e-15, 3.55271368e-15, 0.998512805, -0.0545151271, 3.55271326e-15, 0.0545151196, 0.998512805),
		CFrame.new(-0.5, -2.01748657, 0.210754395, 1, 6.21724826e-14, -5.36459765e-13, 6.57252031e-14, 0.972190201, 0.234192267, 5.36459657e-13, -0.234192237, 0.972190201),
	},
	{
		0.5666041000004043,
		CFrame.new(0, -0.089050293, 0, 1, 0, 0, 0, 1, 0, 0, 0, 0.999999881),
		CFrame.new(0, 1.49240112, -0.0868225098, 1, 0, 0, 0, 0.98480773, 0.173648283, 0, -0.173648253, 0.984807611),
		CFrame.new(1.31152344, 0.0493774414, -0.447128296, 0.819201171, 0.196204007, -0.538900316, -0.572739005, 0.328475714, -0.751048386, 0.0296569541, 0.92390877, 0.381461382),
		CFrame.new(-1.5, 0.53302002, -1.33682251, 1, 0, -3.55271368e-15, 8.8817842e-16, -0.984807253, -0.17365016, -3.55271326e-15, 0.173650131, -0.984807253),
		CFrame.new(0.5, -1.99993896, -0.245277405, 1, -3.49720232e-15, 0, 3.44169138e-15, 0.999940395, -0.0109084984, 0, 0.0109084966, 0.999940395),
		CFrame.new(-0.5, -2.0184021, 0.147537231, 1, 6.66133747e-14, -5.54223334e-13, 4.70734562e-14, 0.979338467, 0.202227458, 5.54223225e-13, -0.202227429, 0.979338467),
	},
	{
		0.5997315999993589,
		CFrame.new(0, -0.0765686035, 0, 1, 0, 0, 0, 1, 0, 0, 0, 0.999999881),
		CFrame.new(0, 1.49240112, -0.0868225098, 1, 0, 0, 0, 0.98480773, 0.173648283, 0, -0.173648253, 0.984807611),
		CFrame.new(1.31152344, 0.0526428223, -0.450393677, 0.819202781, 0.196205482, -0.538897216, -0.57293725, 0.321748912, -0.753803968, 0.0254891589, 0.926272511, 0.375991046),
		CFrame.new(-1.5, 0.541351318, -1.33682251, 1, 0, 3.55271368e-15, 8.8817842e-16, -0.984807253, -0.17365016, 3.55271326e-15, 0.173650131, -0.984807253),
		CFrame.new(0.5, -1.99710083, -0.0830841064, 1, -2.88657965e-15, 0, 2.88657986e-15, 0.997085989, 0.0762839988, 0, -0.0762839839, 0.997085989),
		CFrame.new(-0.5, -2.01702881, 0.0204925537, 1, 7.19424452e-14, -5.93303184e-13, 1.0658141e-14, 0.990476429, 0.137681529, 5.9685579e-13, -0.137681499, 0.990476429),
	},
	{
		0.6167814999971597,
		CFrame.new(0, -0.0703125, 0, 1, 0, 0, 0, 1, 0, 0, 0, 0.999999881),
		CFrame.new(0, 1.49240112, -0.0868225098, 1, 0, 0, 0, 0.98480773, 0.173648298, 0, -0.173648268, 0.984807611),
		CFrame.new(1.31152344, 0.0542907715, -0.452018738, 0.819202662, 0.196205497, -0.538897693, -0.573026538, 0.318378627, -0.755165994, 0.0234057382, 0.927436411, 0.373247534),
		CFrame.new(-1.5, 0.545532227, -1.33682251, 1, 0, 3.55271368e-15, 8.8817842e-16, -0.984807253, -0.17365016, 3.55271326e-15, 0.173650131, -0.984807253),
		CFrame.new(0.5, -1.99282837, -0.00216674805, 1, -2.66453505e-15, 0, 3.10862447e-15, 0.992809534, 0.119703889, 0, -0.119703874, 0.992809534),
		CFrame.new(-0.5, -2.01477051, -0.0432662964, 1, 7.41628913e-14, -6.11066753e-13, -9.32587341e-15, 0.994454205, 0.105169632, 6.14619358e-13, -0.105169617, 0.994454205),
	},
	{
		0.6496584999986226,
		CFrame.new(0, -0.057800293, 0, 1, 0, 0, 0, 1, 0, 0, 0, 0.999999881),
		CFrame.new(0, 1.49240112, -0.0868225098, 1, 0, 0, 0, 0.98480773, 0.173648283, 0, -0.173648253, 0.984807611),
		CFrame.new(1.31152344, 0.0575866699, -0.455245972, 0.819200039, 0.196204334, -0.538902044, -0.573185205, 0.311624825, -0.757857978, 0.0192401782, 0.929727733, 0.367744476),
		CFrame.new(-1.5, 0.553863525, -1.33682251, 1, 0, 3.55271368e-15, 8.8817842e-16, -0.984807253, -0.17365016, 3.55271326e-15, 0.173650131, -0.984807253),
		CFrame.new(0.5, -1.97860718, 0.158905029, 1, -1.77635673e-15, 0, 2.66453526e-15, 0.978598595, 0.205777854, 0, -0.205777824, 0.978598595),
		CFrame.new(-0.5, -2.00701904, -0.171096802, 1, 7.70494711e-14, -6.50146603e-13, -5.10702591e-14, 0.999205887, 0.0398423597, 6.53699208e-13, -0.0398423523, 0.999205887),
	},
	{
		0.6825207999972918,
		CFrame.new(0, -0.043762207, 0, 1, 0, 0, 0, 1, 0, 0, 0, 0.999999881),
		CFrame.new(0, 1.49240112, -0.0868225098, 1, 0, 0, 0, 0.98480773, 0.173648283, 0, -0.173648253, 0.984807611),
		CFrame.new(1.31152344, 0.061340332, -0.458847046, 0.81919384, 0.196200907, -0.538912833, -0.573332191, 0.304005891, -0.760835528, 0.0145559991, 0.932247519, 0.361528009),
		CFrame.new(-1.5, 0.563232422, -1.33682251, 1, 0, 3.55271368e-15, 8.8817842e-16, -0.984807253, -0.17365016, 3.55271326e-15, 0.173650131, -0.984807253),
		CFrame.new(0.5, -1.9569397, 0.290283203, 1, -3.55271347e-15, 0, 2.66453526e-15, 0.956939936, 0.290285468, 0, -0.290285408, 0.956939936),
		CFrame.new(-0.5, -1.94348145, -0.272773743, 1, 6.12843042e-14, -5.93303184e-13, -7.48290319e-14, 0.999740601, -0.0227702484, 5.89750362e-13, 0.0227702446, 0.999740601),
	},
	{
		0.6993226999984472,
		CFrame.new(0, -0.0390625, 0, 1, 0, 0, 0, 1, 0, 0, 0, 0.999999881),
		CFrame.new(0, 1.49240112, -0.0868225098, 1, 0, 0, 0, 0.98480773, 0.173648283, 0, -0.173648253, 0.984807611),
		CFrame.new(1.31152344, 0.0625915527, -0.460037231, 0.8191908, 0.196199268, -0.538917601, -0.573373735, 0.301461488, -0.761815786, 0.0129952515, 0.93307364, 0.359449983),
		CFrame.new(-1.5, 0.566345215, -1.33682251, 1, 0, 3.55271368e-15, 8.8817842e-16, -0.984807253, -0.173650384, 3.55271326e-15, 0.173650354, -0.984807253),
		CFrame.new(0.5, -1.94952393, 0.313682556, 1, -1.77635673e-15, 0, 8.8817842e-16, 0.9495278, 0.313682467, 0, -0.313682407, 0.9495278),
		CFrame.new(-0.5, -1.90078735, -0.289024353, 1, 5.05151442e-14, -5.25801624e-13, -7.11652959e-14, 0.999238193, -0.0390225984, 5.2935423e-13, 0.039022591, 0.999238193),
	},
	{
		0.7164481999971031,
		CFrame.new(0, -0.0328063965, 0, 1, 0, 0, 0, 1, 0, 0, 0, 0.999999881),
		CFrame.new(0, 1.49240112, -0.0868225098, 1, 0, 0, 0, 0.98480773, 0.173648298, 0, -0.173648268, 0.984807611),
		CFrame.new(1.31152344, 0.064239502, -0.461624146, 0.819186389, 0.196196571, -0.53892535, -0.573423386, 0.298065037, -0.763113797, 0.0109145129, 0.934164703, 0.356674552),
		CFrame.new(-1.5, 0.570526123, -1.33682251, 1, 0, 3.55271368e-15, 8.8817842e-16, -0.984807253, -0.173650384, 3.55271326e-15, 0.173650354, -0.984807253),
		CFrame.new(0.5, -1.93875122, 0.344581604, 1, -1.77635673e-15, 0, 3.55271368e-15, 0.938756049, 0.344582111, 0, -0.344582051, 0.938756049),
		CFrame.new(-0.5, -1.84347534, -0.310676575, 1, 3.75255348e-14, -4.4408921e-13, -6.461498e-14, 0.998157442, -0.0606756136, 4.40536442e-13, 0.0606756061, 0.998157442),
	},
	{
		0.7491426999986288,
		CFrame.new(0, -0.020324707, 0, 1, 0, 0, 0, 1, 0, 0, 0, 0.999999881),
		CFrame.new(0, 1.49240112, -0.0868225098, 1, 0, 0, 0, 0.98480773, 0.173648283, 0, -0.173648253, 0.984807611),
		CFrame.new(1.31152344, 0.0676269531, -0.464775085, 0.819175601, 0.19618988, -0.538944304, -0.573503017, 0.291259855, -0.765677392, 0.00675473455, 0.936310232, 0.351108462),
		CFrame.new(-1.5, 0.578857422, -1.33682251, 1, 0, 3.55271368e-15, 8.8817842e-16, -0.984807253, -0.173650384, 3.55271326e-15, 0.173650354, -0.984807253),
		CFrame.new(0.5, -1.91421509, 0.40524292, 1, 0, 0, 1.77635684e-15, 0.914209425, 0.405241698, 0, -0.405241638, 0.914209425),
		CFrame.new(-0.5, -1.72738647, -0.353889465, 1, 1.77635667e-14, -2.73558953e-13, -4.61852778e-14, 0.99458909, -0.103885889, 2.73558899e-13, 0.103885874, 0.99458909),
	},
	{
		0.7819668999982241,
		CFrame.new(0, -0.0078125, 0, 1, 0, 0, 0, 1, 0, 0, 0, 0.999999881),
		CFrame.new(0, 1.49240112, -0.0868225098, 1, 0, 0, 0, 0.98480773, 0.173648298, 0, -0.173648268, 0.984807611),
		CFrame.new(1.31152344, 0.0709838867, -0.467903137, 0.819161952, 0.196181193, -0.538968265, -0.573556423, 0.284438223, -0.768197715, 0.00259722141, 0.938406885, 0.345521957),
		CFrame.new(-1.5, 0.587188721, -1.33682251, 1, 0, 3.55271368e-15, 8.8817842e-16, -0.984807253, -0.173650384, 3.55271326e-15, 0.173650354, -0.984807253),
		CFrame.new(0.5, -1.88574219, 0.464164734, 1, -3.55271347e-15, 0, 3.55271368e-15, 0.885748088, 0.464166045, 0, -0.464165986, 0.885748088),
		CFrame.new(-0.5, -1.60946655, -0.396903992, 1, 3.99680247e-15, -1.0658141e-13, -1.9095836e-14, 0.98915112, -0.146900907, 1.03028683e-13, 0.146900877, 0.98915112),
	},
}
local idle ={
	{
		0.000002200016751885414,
		CFrame.new(0, 0, 0, 0.766044378, 0, -0.642787695, 0, 1, 0, 0.642787576, 0, 0.766044259),
		CFrame.new(0, 1.5, 0, 0.819152117, 0, 0.573576272, 0, 1, 0, -0.573576331, 0, 0.819151998),
		CFrame.new(0.885620117, -0.324981689, -1.4901123, 0.845773995, 0.377175987, -0.377365023, -0.0711758435, -0.621200144, -0.780412734, -0.528772414, 0.68691206, -0.498549163),
		CFrame.new(-1.64624023, -0.00650024414, 0.00769042969, 0.766044497, 0.526540816, -0.36868754, 1.84817878e-07, -0.573576152, -0.819152176, -0.642787755, 0.627506673, -0.439384907),
		CFrame.new(0.516967773, -2, -0.129394531, 0.965925515, 0, -0.258820027, 0, 0.999999881, 0, 0.258819908, 0, 0.965925455),
		CFrame.new(-0.616821289, -2, -0.321411133, 0.766044378, 0, 0.642787576, 0, 0.999999881, 0, -0.642787695, 0, 0.766044199),
	},
	{
		0.03228839999064803,
		CFrame.new(0, -0.000518798828, 0, 0.766044378, 0, -0.642787695, 0, 1, 0, 0.642787576, 0, 0.766044259),
		CFrame.new(0, 1.4994812, 0, 0.819152117, 0, 0.573576272, 0, 1, 0, -0.573576331, 0, 0.819151998),
		CFrame.new(0.885620117, -0.324981689, -1.4901123, 0.845773995, 0.377175987, -0.377365023, -0.0711758435, -0.621200144, -0.780412734, -0.528772414, 0.68691206, -0.498549163),
		CFrame.new(-1.64624023, -0.00701904297, 0.00769042969, 0.766044497, 0.526540816, -0.36868754, 1.84817878e-07, -0.573576152, -0.819152176, -0.642787755, 0.627506673, -0.439384907),
		CFrame.new(0.516967773, -1.9994812, -0.129394531, 0.965925515, 0, -0.258820027, 0, 0.999999881, 0, 0.258819908, 0, 0.965925455),
		CFrame.new(-0.616821289, -1.9994812, -0.321411133, 0.766044378, 0, 0.642787576, 0, 0.999999881, 0, -0.642787695, 0, 0.766044199),
	},
	{
		0.04997789999470115,
		CFrame.new(0, -0.000793457031, 0, 0.766044378, 0, -0.642787695, 0, 1, 0, 0.642787576, 0, 0.766044259),
		CFrame.new(0, 1.49920654, 0, 0.819152117, 0, 0.573576272, 0, 1, 0, -0.573576331, 0, 0.819151998),
		CFrame.new(0.885620117, -0.324981689, -1.4901123, 0.845773995, 0.377175987, -0.377365023, -0.0711758435, -0.621200144, -0.780412734, -0.528772414, 0.68691206, -0.498549163),
		CFrame.new(-1.64624023, -0.00729370117, 0.00769042969, 0.766044497, 0.526540816, -0.36868754, 1.84817878e-07, -0.573576152, -0.819152176, -0.642787755, 0.627506673, -0.439384907),
		CFrame.new(0.516967773, -1.99920654, -0.129394531, 0.965925515, 0, -0.258820027, 0, 0.999999881, 0, 0.258819908, 0, 0.965925455),
		CFrame.new(-0.616821289, -1.99920654, -0.321411133, 0.766044378, 0, 0.642787576, 0, 0.999999881, 0, -0.642787695, 0, 0.766044199),
	},
	{
		0.08285999996587634,
		CFrame.new(0, -0.00134277344, 0, 0.766044378, 0, -0.642787695, 0, 1, 0, 0.642787576, 0, 0.766044259),
		CFrame.new(0, 1.49865723, 0, 0.819152117, 0, 0.573576272, 0, 1, 0, -0.573576331, 0, 0.819151998),
		CFrame.new(0.885620117, -0.324981689, -1.4901123, 0.845773995, 0.377175987, -0.377365023, -0.0711758435, -0.621200144, -0.780412734, -0.528772414, 0.68691206, -0.498549163),
		CFrame.new(-1.64624023, -0.0078125, 0.00769042969, 0.766044497, 0.526540816, -0.36868754, 1.84817878e-07, -0.573576152, -0.819152176, -0.642787755, 0.627506673, -0.439384907),
		CFrame.new(0.516967773, -1.99865723, -0.129394531, 0.965925515, 0, -0.258820027, 0, 0.999999881, 0, 0.258819908, 0, 0.965925455),
		CFrame.new(-0.616821289, -1.99865723, -0.321411133, 0.766044378, 0, 0.642787576, 0, 0.999999881, 0, -0.642787695, 0, 0.766044199),
	},
	{
		0.09979449992533773,
		CFrame.new(0, -0.00158691406, 0, 0.766044378, 0, -0.642787695, 0, 1, 0, 0.642787576, 0, 0.766044259),
		CFrame.new(0, 1.49841309, 0, 0.819152117, 0, 0.573576272, 0, 1, 0, -0.573576331, 0, 0.819151998),
		CFrame.new(0.885620117, -0.324981689, -1.4901123, 0.845773995, 0.377175987, -0.377365023, -0.0711758435, -0.621200144, -0.780412734, -0.528772414, 0.68691206, -0.498549163),
		CFrame.new(-1.64624023, -0.0080871582, 0.00769042969, 0.766044497, 0.526540816, -0.36868754, 1.84817878e-07, -0.573576152, -0.819152176, -0.642787755, 0.627506673, -0.439384907),
		CFrame.new(0.516967773, -1.99841309, -0.129394531, 0.965925455, 0, -0.258820087, 0, 0.999999881, 0, 0.258819938, 0, 0.965925574),
		CFrame.new(-0.616821289, -1.99841309, -0.321411133, 0.766044378, 0, 0.642787576, 0, 0.999999881, 0, -0.642787695, 0, 0.766044199),
	},
	{
		0.13287109998054802,
		CFrame.new(0, -0.00213623047, 0, 0.766044378, 0, -0.642787695, 0, 1, 0, 0.642787576, 0, 0.766044259),
		CFrame.new(0, 1.49786377, 0, 0.819152117, 0, 0.573576272, 0, 1, 0, -0.573576331, 0, 0.819151998),
		CFrame.new(0.885620117, -0.324981689, -1.4901123, 0.845773995, 0.377175987, -0.377365023, -0.0711758435, -0.621200144, -0.780412734, -0.528772414, 0.68691206, -0.498549163),
		CFrame.new(-1.64624023, -0.00863647461, 0.00769042969, 0.766044497, 0.526540816, -0.36868754, 1.84817878e-07, -0.573576152, -0.819152176, -0.642787755, 0.627506673, -0.439384907),
